Vertex Index (0-based) | Vertex Index (1-based) | X | Y | Z | U | V
----------------------------------------------------------------------
0 | 1 | 0.000000 | -3.406404 | 5.979507 | 0.499977 | 0.347466
1 | 2 | 0.000000 | -1.126865 | 7.475604 | 0.500026 | 0.452513
2 | 3 | 0.000000 | -2.089024 | 6.058267 | 0.499974 | 0.397628
3 | 4 | -0.463928 | 0.955357 | 6.633583 | 0.482113 | 0.528021
4 | 5 | 0.000000 | -0.463170 | 7.586580 | 0.500151 | 0.472844
5 | 6 | 0.000000 | 0.365669 | 7.242870 | 0.499910 | 0.501747
6 | 7 | 0.000000 | 2.473255 | 5.788627 | 0.499523 | 0.598938
7 | 8 | -4.253081 | 2.577646 | 3.279702 | 0.289712 | 0.619236
8 | 9 | 0.000000 | 4.019042 | 5.284764 | 0.499955 | 0.687602
9 | 10 | 0.000000 | 4.885979 | 5.385258 | 0.499987 | 0.730081
10 | 11 | 0.000000 | 8.261778 | 4.481535 | 0.500023 | 0.892950
11 | 12 | 0.000000 | -3.706811 | 5.864924 | 0.500023 | 0.333766
12 | 13 | 0.000000 | -3.918301 | 5.569430 | 0.500016 | 0.320776
13 | 14 | 0.000000 | -3.994436 | 5.219482 | 0.500023 | 0.307652
14 | 15 | 0.000000 | -4.542400 | 5.404754 | 0.499977 | 0.304722
15 | 16 | 0.000000 | -4.745577 | 5.529457 | 0.499977 | 0.294066
16 | 17 | 0.000000 | -5.019567 | 5.601448 | 0.499977 | 0.280615
17 | 18 | 0.000000 | -5.365123 | 5.535441 | 0.499977 | 0.262981
18 | 19 | 0.000000 | -6.149624 | 5.071372 | 0.499968 | 0.218629
19 | 20 | 0.000000 | -1.501095 | 7.112196 | 0.499816 | 0.437019
20 | 21 | -0.416106 | -1.466449 | 6.447657 | 0.473773 | 0.426090
21 | 22 | -7.087960 | 5.434801 | 0.099620 | 0.104907 | 0.745859
22 | 23 | -2.628639 | 2.035898 | 3.848121 | 0.365930 | 0.590424
23 | 24 | -3.198363 | 1.985815 | 3.796952 | 0.338758 | 0.586975
24 | 25 | -3.775151 | 2.039402 | 3.646194 | 0.311120 | 0.590540
25 | 26 | -4.465819 | 2.422950 | 3.155168 | 0.274658 | 0.610869
26 | 27 | -2.164289 | 2.189867 | 3.851822 | 0.393362 | 0.596294
27 | 28 | -3.208229 | 3.223926 | 4.115822 | 0.345234 | 0.655989
28 | 29 | -2.673803 | 3.205337 | 4.092203 | 0.370094 | 0.653924
29 | 30 | -3.745193 | 3.165286 | 3.972409 | 0.319322 | 0.652735
30 | 31 | -4.161018 | 3.059069 | 3.719554 | 0.297903 | 0.646409
31 | 32 | -5.062006 | 1.934418 | 2.776093 | 0.247792 | 0.589190
32 | 33 | -2.266659 | -7.425768 | 4.389812 | 0.396889 | 0.157245
33 | 34 | -4.445859 | 2.663991 | 3.173422 | 0.280098 | 0.624400
34 | 35 | -7.214530 | 2.263009 | 0.073150 | 0.106310 | 0.600044
35 | 36 | -5.799793 | 2.349546 | 2.204059 | 0.209925 | 0.608647
36 | 37 | -2.844939 | -0.720868 | 4.433130 | 0.355808 | 0.465594
37 | 38 | -0.711452 | -3.329355 | 5.877044 | 0.471751 | 0.349596
38 | 39 | -0.606033 | -3.924562 | 5.444923 | 0.474155 | 0.319808
39 | 40 | -1.431615 | -3.500953 | 5.496189 | 0.439785 | 0.342771
40 | 41 | -1.914910 | -3.803146 | 5.028930 | 0.414617 | 0.333459
41 | 42 | -1.131043 | -3.973937 | 5.189648 | 0.450374 | 0.319139
42 | 43 | -1.563548 | -4.082763 | 4.842263 | 0.428771 | 0.317309
43 | 44 | -2.650112 | -5.003649 | 4.188483 | 0.374971 | 0.272195
44 | 45 | -0.427049 | -1.094134 | 7.360529 | 0.486717 | 0.452371
45 | 46 | -0.496396 | -0.475659 | 7.440358 | 0.485301 | 0.472605
46 | 47 | -5.253307 | 3.881582 | 3.363159 | 0.257765 | 0.685510
47 | 48 | -1.718698 | 0.974609 | 4.558359 | 0.401223 | 0.544828
48 | 49 | -1.608635 | -0.942516 | 5.814193 | 0.429819 | 0.451385
49 | 50 | -1.651267 | -0.610868 | 5.581319 | 0.421352 | 0.466259
50 | 51 | -4.765501 | -0.701554 | 3.534632 | 0.276896 | 0.467943
51 | 52 | -0.478306 | 0.295766 | 7.101013 | 0.483370 | 0.500413
52 | 53 | -3.734964 | 4.508230 | 4.550454 | 0.337212 | 0.717117
53 | 54 | -4.588603 | 4.302037 | 4.048484 | 0.296392 | 0.706757
54 | 55 | -6.279331 | 6.615427 | 1.425850 | 0.169295 | 0.806186
55 | 56 | -1.220941 | 4.142165 | 5.106035 | 0.447580 | 0.697390
56 | 57 | -2.193489 | 3.100317 | 4.000575 | 0.392390 | 0.646112
57 | 58 | -3.102642 | -4.352984 | 4.095905 | 0.354490 | 0.303216
58 | 59 | -6.719682 | -4.788645 | -1.745401 | 0.067305 | 0.269895
59 | 60 | -1.193824 | -1.306795 | 5.737747 | 0.442739 | 0.427174
60 | 61 | -0.729766 | -1.593712 | 5.833208 | 0.457098 | 0.415208
61 | 62 | -2.456206 | -4.342621 | 4.283884 | 0.381974 | 0.305289
62 | 63 | -2.204823 | -4.304508 | 4.162499 | 0.392389 | 0.305797
63 | 64 | -4.985894 | 4.802461 | 3.751977 | 0.277076 | 0.728068
64 | 65 | -1.592294 | -1.257709 | 5.456949 | 0.422552 | 0.436767
65 | 66 | -2.644548 | 4.524654 | 4.921559 | 0.385919 | 0.718636
66 | 67 | -2.760292 | 5.100971 | 5.015990 | 0.383103 | 0.744160
67 | 68 | -3.523964 | 8.005976 | 3.729163 | 0.331431 | 0.880286
68 | 69 | -5.599763 | 5.715470 | 2.724259 | 0.229924 | 0.767997
69 | 70 | -3.063932 | 6.566144 | 4.529981 | 0.364501 | 0.810886
70 | 71 | -5.720968 | 4.254584 | 2.830852 | 0.229622 | 0.700459
71 | 72 | -6.374393 | 4.785590 | 1.591691 | 0.173287 | 0.721252
72 | 73 | -0.672728 | -3.688016 | 5.737804 | 0.472879 | 0.333802
73 | 74 | -1.262560 | -3.787691 | 5.417779 | 0.446828 | 0.331473
74 | 75 | -1.732553 | -3.952767 | 5.000579 | 0.422762 | 0.326110
75 | 76 | -1.043625 | -1.464973 | 5.662455 | 0.445308 | 0.419934
76 | 77 | -2.321234 | -4.329069 | 4.258156 | 0.388103 | 0.306039
77 | 78 | -2.056846 | -4.477671 | 4.520883 | 0.403039 | 0.293460
78 | 79 | -2.153084 | -4.276322 | 4.038093 | 0.403629 | 0.306047
79 | 80 | -0.946874 | -1.035249 | 6.512274 | 0.460042 | 0.442861
80 | 81 | -1.469132 | -4.036351 | 4.604908 | 0.431158 | 0.307634
81 | 82 | -1.024340 | -3.989851 | 4.926693 | 0.452182 | 0.307634
82 | 83 | -0.533422 | -3.993222 | 5.138202 | 0.475387 | 0.307634
83 | 84 | -0.769720 | -6.095394 | 4.985883 | 0.465828 | 0.220810
84 | 85 | -0.699606 | -5.291850 | 5.448304 | 0.472329 | 0.263774
85 | 86 | -0.669687 | -4.949770 | 5.509612 | 0.473087 | 0.282143
86 | 87 | -0.630947 | -4.695101 | 5.449371 | 0.473122 | 0.295374
87 | 88 | -0.583218 | -4.517982 | 5.339869 | 0.473033 | 0.304722
88 | 89 | -1.537170 | -4.423206 | 4.745470 | 0.427942 | 0.304722
89 | 90 | -1.615600 | -4.475942 | 4.813632 | 0.426479 | 0.296460
90 | 91 | -1.729053 | -4.618680 | 4.854463 | 0.423162 | 0.288154
91 | 92 | -1.838624 | -4.828746 | 4.823737 | 0.418309 | 0.279937
92 | 93 | -2.368250 | -3.106237 | 4.868096 | 0.390095 | 0.360427
93 | 94 | -7.542244 | -1.049282 | -2.431321 | 0.013954 | 0.439966
94 | 95 | 0.000000 | -1.724003 | 6.601390 | 0.499914 | 0.419853
95 | 96 | -1.826614 | -4.399531 | 4.399021 | 0.413200 | 0.304600
96 | 97 | -1.929558 | -4.411831 | 4.497052 | 0.409626 | 0.298177
97 | 98 | -0.597442 | -2.013686 | 5.866456 | 0.468080 | 0.398465
98 | 99 | -1.405627 | -1.714196 | 5.241087 | 0.422729 | 0.414015
99 | 100 | -0.662449 | -1.819321 | 5.863759 | 0.463080 | 0.406216
100 | 101 | -2.342340 | 0.572222 | 4.294303 | 0.372120 | 0.526586
101 | 102 | -3.327324 | 0.104863 | 4.113860 | 0.334562 | 0.503927
102 | 103 | -1.726175 | -0.919165 | 5.273355 | 0.411671 | 0.453035
103 | 104 | -5.133204 | 7.485602 | 2.660442 | 0.242176 | 0.852324
104 | 105 | -4.538641 | 6.319907 | 3.683424 | 0.290777 | 0.798554
105 | 106 | -3.986562 | 5.109487 | 4.466315 | 0.327338 | 0.743473
106 | 107 | -2.169681 | -5.440433 | 4.455874 | 0.399510 | 0.251079
107 | 108 | -1.395634 | 5.011963 | 5.316032 | 0.441728 | 0.738324
108 | 109 | -1.619500 | 6.599217 | 4.921106 | 0.429765 | 0.812166
109 | 110 | -1.891399 | 8.236377 | 4.274997 | 0.412198 | 0.891099
110 | 111 | -4.195832 | 2.235205 | 3.375099 | 0.288955 | 0.601048
111 | 112 | -5.733342 | 1.411738 | 2.431726 | 0.218937 | 0.564589
112 | 113 | -1.859887 | 2.355757 | 3.843181 | 0.412782 | 0.601030
113 | 114 | -4.988612 | 3.074654 | 3.083858 | 0.257135 | 0.644560
114 | 115 | -1.303263 | 1.416453 | 4.831091 | 0.427685 | 0.562039
115 | 116 | -1.305757 | -0.672779 | 6.415959 | 0.448340 | 0.463064
116 | 117 | -6.465170 | 0.937119 | 1.689873 | 0.178560 | 0.542446
117 | 118 | -5.258659 | 0.945811 | 2.974312 | 0.247308 | 0.542806
118 | 119 | -4.432338 | 0.722096 | 3.522615 | 0.286267 | 0.532325
119 | 120 | -3.300681 | 0.861641 | 3.872784 | 0.332828 | 0.539288
120 | 121 | -2.430178 | 1.131492 | 4.039035 | 0.368756 | 0.552793
121 | 122 | -1.820731 | 1.467954 | 4.224124 | 0.398964 | 0.567345
122 | 123 | -0.563221 | 2.307693 | 5.566789 | 0.476410 | 0.594194
123 | 124 | -6.338145 | -0.529279 | 1.881175 | 0.189241 | 0.476076
124 | 125 | -5.587698 | 3.208071 | 2.687839 | 0.228962 | 0.651049
125 | 126 | -0.242624 | -1.462857 | 7.071491 | 0.490726 | 0.437599
126 | 127 | -1.611251 | 0.339326 | 4.895421 | 0.404670 | 0.514867
127 | 128 | -7.743095 | 2.364999 | -2.005167 | 0.019469 | 0.598436
128 | 129 | -1.391142 | 1.851048 | 4.448999 | 0.426243 | 0.579569
129 | 130 | -1.785794 | -0.978284 | 4.850470 | 0.396993 | 0.451203
130 | 131 | -4.670959 | 2.664461 | 3.084075 | 0.266470 | 0.623023
131 | 132 | -1.333970 | -0.283761 | 6.097047 | 0.439121 | 0.481042
132 | 133 | -7.270895 | -2.890917 | -2.252455 | 0.032314 | 0.355643
133 | 134 | -1.856432 | 2.585245 | 3.757904 | 0.419054 | 0.612845
134 | 135 | -0.923388 | 0.073076 | 6.671944 | 0.462783 | 0.494253
135 | 136 | -5.000589 | -6.135128 | 1.892523 | 0.238979 | 0.220255
136 | 137 | -5.085276 | -7.178590 | 0.714711 | 0.198221 | 0.168062
137 | 138 | -7.159291 | -0.811820 | -0.072044 | 0.107550 | 0.459245
138 | 139 | -5.843051 | -5.248023 | 0.924091 | 0.183610 | 0.259743
139 | 140 | -6.847258 | 3.662916 | 0.724695 | 0.134410 | 0.666317
140 | 141 | -2.412942 | -8.258853 | 4.119213 | 0.385764 | 0.116846
141 | 142 | -0.179909 | -1.689864 | 6.573301 | 0.490967 | 0.420622
142 | 143 | -2.103655 | -0.163946 | 4.566119 | 0.382385 | 0.491427
143 | 144 | -6.407571 | 2.236021 | 1.560843 | 0.174399 | 0.602329
144 | 145 | -3.670075 | 2.360153 | 3.635230 | 0.318785 | 0.603765
145 | 146 | -3.177186 | 2.294265 | 3.775704 | 0.343364 | 0.599403
146 | 147 | -2.196121 | -4.598322 | 4.479786 | 0.396100 | 0.289783
147 | 148 | -6.234883 | -1.944430 | 1.663542 | 0.187885 | 0.411462
148 | 149 | -1.292924 | -9.295920 | 4.094063 | 0.430987 | 0.055935
149 | 150 | -3.210651 | -8.533278 | 2.802001 | 0.318993 | 0.101715
150 | 151 | -4.068926 | -7.993109 | 1.925119 | 0.266248 | 0.130299
151 | 152 | 0.000000 | 6.545390 | 5.027311 | 0.500023 | 0.809424
152 | 153 | 0.000000 | -9.403378 | 4.264492 | 0.499977 | 0.045547
153 | 154 | -2.724032 | 2.315802 | 3.777151 | 0.366170 | 0.601178
154 | 155 | -2.288460 | 2.398891 | 3.697603 | 0.393207 | 0.604463
155 | 156 | -1.998311 | 2.496547 | 3.689148 | 0.410373 | 0.608920
156 | 157 | -6.130040 | 3.399261 | 2.038516 | 0.194993 | 0.657898
157 | 158 | -2.288460 | 2.886504 | 3.775031 | 0.388665 | 0.637716
158 | 159 | -2.724032 | 2.961810 | 3.871767 | 0.365962 | 0.644029
159 | 160 | -3.177186 | 2.964136 | 3.876973 | 0.343364 | 0.644643
160 | 161 | -3.670075 | 2.927714 | 3.724325 | 0.318785 | 0.641660
161 | 162 | -4.018389 | 2.857357 | 3.482983 | 0.301415 | 0.636844
162 | 163 | -7.555811 | 4.106811 | -0.991917 | 0.058133 | 0.680924
163 | 164 | -4.018389 | 2.483695 | 3.440898 | 0.301415 | 0.612551
164 | 165 | 0.000000 | -2.521945 | 5.932265 | 0.499988 | 0.381566
165 | 166 | -1.776217 | -2.683946 | 5.213116 | 0.415838 | 0.375804
166 | 167 | -1.222237 | -1.182444 | 5.952465 | 0.445682 | 0.433923
167 | 168 | -0.731493 | -2.536683 | 5.815343 | 0.465844 | 0.379359
168 | 169 | 0.000000 | 3.271027 | 5.236015 | 0.499923 | 0.648476
169 | 170 | -4.135272 | -6.996638 | 2.671970 | 0.288719 | 0.180054
170 | 171 | -3.311811 | -7.660815 | 3.382963 | 0.335279 | 0.147180
171 | 172 | -1.313701 | -8.639995 | 4.702456 | 0.440512 | 0.097581
172 | 173 | -5.940524 | -6.223629 | -0.631468 | 0.128294 | 0.208059
173 | 174 | -1.998311 | 2.743838 | 3.744030 | 0.408772 | 0.626106
174 | 175 | -0.901447 | 1.236992 | 5.754256 | 0.455607 | 0.548199
175 | 176 | 0.000000 | -8.765243 | 4.891441 | 0.499877 | 0.091010
176 | 177 | -2.308977 | -8.974196 | 3.609070 | 0.375437 | 0.075808
177 | 178 | -6.954154 | -2.439843 | -0.131163 | 0.114210 | 0.384978
178 | 179 | -1.098819 | -4.458788 | 5.120727 | 0.448662 | 0.304722
179 | 180 | -1.181124 | -4.579996 | 5.189564 | 0.448020 | 0.295368
180 | 181 | -1.255818 | -4.787901 | 5.237051 | 0.447112 | 0.284192
181 | 182 | -1.325085 | -5.106507 | 5.205010 | 0.444832 | 0.269206
182 | 183 | -1.546388 | -5.819392 | 4.757893 | 0.430012 | 0.233191
183 | 184 | -1.953754 | -4.183892 | 4.431713 | 0.406787 | 0.314327
184 | 185 | -2.117802 | -4.137093 | 4.555096 | 0.400738 | 0.318931
185 | 186 | -2.285339 | -4.051196 | 4.582438 | 0.392400 | 0.322297
186 | 187 | -2.850160 | -3.665720 | 4.484994 | 0.367856 | 0.336081
187 | 188 | -5.278538 | -2.238942 | 2.861224 | 0.247923 | 0.398667
188 | 189 | -0.946709 | 1.907628 | 5.196779 | 0.452770 | 0.579150
189 | 190 | -1.314173 | 3.104912 | 4.231404 | 0.436392 | 0.640113
190 | 191 | -1.780000 | 2.860000 | 3.881555 | 0.416164 | 0.631286
191 | 192 | -1.845110 | -4.098880 | 4.247264 | 0.413386 | 0.307634
192 | 193 | -5.436187 | -4.030482 | 2.109852 | 0.228018 | 0.316428
193 | 194 | -0.766444 | 3.182131 | 4.861453 | 0.468268 | 0.647329
194 | 195 | -1.938616 | -6.614410 | 4.521085 | 0.411362 | 0.195673
195 | 196 | 0.000000 | 1.059413 | 6.774605 | 0.499989 | 0.530175
196 | 197 | -0.516573 | 1.583572 | 6.148363 | 0.479154 | 0.557346
197 | 198 | 0.000000 | 1.728369 | 6.316750 | 0.499974 | 0.560363
198 | 199 | -1.246815 | 0.230297 | 5.681036 | 0.432112 | 0.506411
199 | 200 | 0.000000 | -7.942194 | 5.181173 | 0.499886 | 0.133083
200 | 201 | 0.000000 | -6.991499 | 5.153478 | 0.499913 | 0.178271
201 | 202 | -0.997827 | -6.930921 | 4.979576 | 0.456549 | 0.180799
202 | 203 | -3.288807 | -5.382514 | 3.795752 | 0.344549 | 0.254561
203 | 204 | -2.311631 | -1.566237 | 4.590085 | 0.378909 | 0.425990
204 | 205 | -2.680250 | -6.111567 | 4.096152 | 0.374293 | 0.219815
205 | 206 | -3.832928 | -1.537326 | 4.137731 | 0.319688 | 0.429262
206 | 207 | -2.961860 | -2.274215 | 4.440943 | 0.357155 | 0.395730
207 | 208 | -4.386901 | -2.683286 | 3.643886 | 0.295284 | 0.378419
208 | 209 | -1.217295 | -7.834465 | 4.969286 | 0.447750 | 0.137523
209 | 210 | -1.542374 | -0.136843 | 5.201008 | 0.410986 | 0.491277
210 | 211 | -3.878377 | -6.041764 | 3.311079 | 0.313951 | 0.224692
211 | 212 | -3.084037 | -6.809842 | 3.814195 | 0.354128 | 0.187447
212 | 213 | -3.747321 | -4.503545 | 3.726453 | 0.324548 | 0.296007
213 | 214 | -6.094129 | -3.205991 | 1.473482 | 0.189096 | 0.353700
214 | 215 | -4.588995 | -4.728726 | 2.983221 | 0.279777 | 0.285342
215 | 216 | -6.583231 | -3.941269 | 0.070268 | 0.133823 | 0.317299
216 | 217 | -3.492580 | -3.195820 | 4.130198 | 0.336768 | 0.355267
217 | 218 | -1.255543 | 0.802341 | 5.307551 | 0.429884 | 0.533478
218 | 219 | -1.126122 | -0.933602 | 6.538785 | 0.455528 | 0.451377
219 | 220 | -1.443109 | -1.142774 | 5.905127 | 0.437114 | 0.441104
220 | 221 | -0.923043 | -0.529042 | 7.003423 | 0.467288 | 0.470075
221 | 222 | -1.755386 | 3.529117 | 4.327696 | 0.414712 | 0.664780
222 | 223 | -2.632589 | 3.713828 | 4.364629 | 0.377046 | 0.677222
223 | 224 | -3.388062 | 3.721976 | 4.309028 | 0.344108 | 0.679849
224 | 225 | -4.075766 | 3.675413 | 4.076063 | 0.312876 | 0.677668
225 | 226 | -4.622910 | 3.474691 | 3.646321 | 0.283526 | 0.666810
226 | 227 | -5.171755 | 2.535753 | 2.670867 | 0.241246 | 0.617214
227 | 228 | -7.297331 | 0.763172 | -0.048769 | 0.102986 | 0.531237
228 | 229 | -4.706828 | 1.651000 | 3.109532 | 0.267612 | 0.575440
229 | 230 | -4.071712 | 1.476821 | 3.476944 | 0.297879 | 0.566824
230 | 231 | -3.269817 | 1.470659 | 3.731945 | 0.333434 | 0.566122
231 | 232 | -2.527572 | 1.617311 | 3.865444 | 0.366427 | 0.573884
232 | 233 | -1.970894 | 1.858505 | 3.961782 | 0.396012 | 0.583304
233 | 234 | -1.579543 | 2.097941 | 4.084996 | 0.420121 | 0.589772
234 | 235 | -7.664182 | 0.673132 | -2.435867 | 0.007561 | 0.519223
235 | 236 | -1.397041 | -1.340139 | 5.630378 | 0.432949 | 0.430482
236 | 237 | -0.884838 | 0.658740 | 6.233232 | 0.458639 | 0.520911
237 | 238 | -0.767097 | -0.968035 | 7.077932 | 0.473466 | 0.454256
238 | 239 | -0.460213 | -1.334106 | 6.787447 | 0.476088 | 0.436170
239 | 240 | -0.748618 | -1.067994 | 6.798303 | 0.468472 | 0.444943
240 | 241 | -1.236408 | -1.585568 | 5.480490 | 0.433991 | 0.417638
241 | 242 | -0.387306 | -1.409990 | 6.957705 | 0.483518 | 0.437016
242 | 243 | -0.319925 | -1.607931 | 6.508676 | 0.482483 | 0.422151
243 | 244 | -1.639633 | 2.556298 | 3.863736 | 0.426450 | 0.610201
244 | 245 | -1.255645 | 2.467144 | 4.203800 | 0.438999 | 0.603505
245 | 246 | -1.031362 | 2.382663 | 4.615849 | 0.450067 | 0.599566
246 | 247 | -4.253081 | 2.772296 | 3.315305 | 0.289712 | 0.631747
247 | 248 | -4.530000 | 2.910000 | 3.339685 | 0.276670 | 0.636627
248 | 249 | 0.463928 | 0.955357 | 6.633583 | 0.517862 | 0.528052
249 | 250 | 4.253081 | 2.577646 | 3.279702 | 0.710288 | 0.619236
250 | 251 | 0.416106 | -1.466449 | 6.447657 | 0.526227 | 0.426090
251 | 252 | 7.087960 | 5.434801 | 0.099620 | 0.895093 | 0.745859
252 | 253 | 2.628639 | 2.035898 | 3.848121 | 0.634070 | 0.590424
253 | 254 | 3.198363 | 1.985815 | 3.796952 | 0.661242 | 0.586975
254 | 255 | 3.775151 | 2.039402 | 3.646194 | 0.688880 | 0.590540
255 | 256 | 4.465819 | 2.422950 | 3.155168 | 0.725342 | 0.610869
256 | 257 | 2.164289 | 2.189867 | 3.851822 | 0.606630 | 0.596295
257 | 258 | 3.208229 | 3.223926 | 4.115822 | 0.654766 | 0.655989
258 | 259 | 2.673803 | 3.205337 | 4.092203 | 0.629906 | 0.653924
259 | 260 | 3.745193 | 3.165286 | 3.972409 | 0.680678 | 0.652735
260 | 261 | 4.161018 | 3.059069 | 3.719554 | 0.702097 | 0.646409
261 | 262 | 5.062006 | 1.934418 | 2.776093 | 0.752212 | 0.589195
262 | 263 | 2.266659 | -7.425768 | 4.389812 | 0.602918 | 0.157137
263 | 264 | 4.445859 | 2.663991 | 3.173422 | 0.719902 | 0.624400
264 | 265 | 7.214530 | 2.263009 | 0.073150 | 0.893693 | 0.600040
265 | 266 | 5.799793 | 2.349546 | 2.204059 | 0.790082 | 0.608646
266 | 267 | 2.844939 | -0.720868 | 4.433130 | 0.643998 | 0.465512
267 | 268 | 0.711452 | -3.329355 | 5.877044 | 0.528249 | 0.349596
268 | 269 | 0.606033 | -3.924562 | 5.444923 | 0.525850 | 0.319809
269 | 270 | 1.431615 | -3.500953 | 5.496189 | 0.560215 | 0.342771
270 | 271 | 1.914910 | -3.803146 | 5.028930 | 0.585384 | 0.333459
271 | 272 | 1.131043 | -3.973937 | 5.189648 | 0.549626 | 0.319139
272 | 273 | 1.563548 | -4.082763 | 4.842263 | 0.571228 | 0.317308
273 | 274 | 2.650112 | -5.003649 | 4.188483 | 0.624852 | 0.271901
274 | 275 | 0.427049 | -1.094134 | 7.360529 | 0.513050 | 0.452718
275 | 276 | 0.496396 | -0.475659 | 7.440358 | 0.515097 | 0.472748
276 | 277 | 5.253307 | 3.881582 | 3.363159 | 0.742247 | 0.685493
277 | 278 | 1.718698 | 0.974609 | 4.558359 | 0.598631 | 0.545021
278 | 279 | 1.608635 | -0.942516 | 5.814193 | 0.570338 | 0.451425
279 | 280 | 1.651267 | -0.610868 | 5.581319 | 0.578632 | 0.466377
280 | 281 | 4.765501 | -0.701554 | 3.534632 | 0.723087 | 0.467946
281 | 282 | 0.478306 | 0.295766 | 7.101013 | 0.516446 | 0.500361
282 | 283 | 3.734964 | 4.508230 | 4.550454 | 0.662801 | 0.717082
283 | 284 | 4.588603 | 4.302037 | 4.048484 | 0.703624 | 0.706729
284 | 285 | 6.279331 | 6.615427 | 1.425850 | 0.830705 | 0.806186
285 | 286 | 1.220941 | 4.142165 | 5.106035 | 0.552386 | 0.697432
286 | 287 | 2.193489 | 3.100317 | 4.000575 | 0.607610 | 0.646112
287 | 288 | 3.102642 | -4.352984 | 4.095905 | 0.645429 | 0.303293
288 | 289 | 6.719682 | -4.788645 | -1.745401 | 0.932695 | 0.269895
289 | 290 | 1.193824 | -1.306795 | 5.737747 | 0.557261 | 0.427174
290 | 291 | 0.729766 | -1.593712 | 5.833208 | 0.542902 | 0.415208
291 | 292 | 2.456206 | -4.342621 | 4.283884 | 0.618026 | 0.305289
292 | 293 | 2.204823 | -4.304508 | 4.162499 | 0.607591 | 0.305797
293 | 294 | 4.985894 | 4.802461 | 3.751977 | 0.722943 | 0.728037
294 | 295 | 1.592294 | -1.257709 | 5.456949 | 0.577414 | 0.436833
295 | 296 | 2.644548 | 4.524654 | 4.921559 | 0.614083 | 0.718613
296 | 297 | 2.760292 | 5.100971 | 5.015990 | 0.616907 | 0.744114
297 | 298 | 3.523964 | 8.005976 | 3.729163 | 0.668509 | 0.880086
298 | 299 | 5.599763 | 5.715470 | 2.724259 | 0.770092 | 0.767979
299 | 300 | 3.063932 | 6.566144 | 4.529981 | 0.635536 | 0.810751
300 | 301 | 5.720968 | 4.254584 | 2.830852 | 0.770391 | 0.700444
301 | 302 | 6.374393 | 4.785590 | 1.591691 | 0.826722 | 0.721245
302 | 303 | 0.672728 | -3.688016 | 5.737804 | 0.527121 | 0.333802
303 | 304 | 1.262560 | -3.787691 | 5.417779 | 0.553172 | 0.331473
304 | 305 | 1.732553 | -3.952767 | 5.000579 | 0.577238 | 0.326110
305 | 306 | 1.043625 | -1.464973 | 5.662455 | 0.554692 | 0.419934
306 | 307 | 2.321234 | -4.329069 | 4.258156 | 0.611897 | 0.306039
307 | 308 | 2.056846 | -4.477671 | 4.520883 | 0.596961 | 0.293460
308 | 309 | 2.153084 | -4.276322 | 4.038093 | 0.596371 | 0.306047
309 | 310 | 0.946874 | -1.035249 | 6.512274 | 0.539958 | 0.442861
310 | 311 | 1.469132 | -4.036351 | 4.604908 | 0.568842 | 0.307634
311 | 312 | 1.024340 | -3.989851 | 4.926693 | 0.547818 | 0.307634
312 | 313 | 0.533422 | -3.993222 | 5.138202 | 0.524613 | 0.307634
313 | 314 | 0.769720 | -6.095394 | 4.985883 | 0.534090 | 0.220859
314 | 315 | 0.699606 | -5.291850 | 5.448304 | 0.527671 | 0.263774
315 | 316 | 0.669687 | -4.949770 | 5.509612 | 0.526913 | 0.282143
316 | 317 | 0.630947 | -4.695101 | 5.449371 | 0.526878 | 0.295374
317 | 318 | 0.583218 | -4.517982 | 5.339869 | 0.526967 | 0.304722
318 | 319 | 1.537170 | -4.423206 | 4.745470 | 0.572058 | 0.304722
319 | 320 | 1.615600 | -4.475942 | 4.813632 | 0.573521 | 0.296460
320 | 321 | 1.729053 | -4.618680 | 4.854463 | 0.576838 | 0.288154
321 | 322 | 1.838624 | -4.828746 | 4.823737 | 0.581691 | 0.279937
322 | 323 | 2.368250 | -3.106237 | 4.868096 | 0.609945 | 0.360090
323 | 324 | 7.542244 | -1.049282 | -2.431321 | 0.986046 | 0.439966
324 | 325 | 1.826614 | -4.399531 | 4.399021 | 0.586800 | 0.304600
325 | 326 | 1.929558 | -4.411831 | 4.497052 | 0.590372 | 0.298177
326 | 327 | 0.597442 | -2.013686 | 5.866456 | 0.531915 | 0.398463
327 | 328 | 1.405627 | -1.714196 | 5.241087 | 0.577268 | 0.414065
328 | 329 | 0.662449 | -1.819321 | 5.863759 | 0.536915 | 0.406214
329 | 330 | 2.342340 | 0.572222 | 4.294303 | 0.627543 | 0.526648
330 | 331 | 3.327324 | 0.104863 | 4.113860 | 0.665586 | 0.504049
331 | 332 | 1.726175 | -0.919165 | 5.273355 | 0.588354 | 0.453138
332 | 333 | 5.133204 | 7.485602 | 2.660442 | 0.757824 | 0.852324
333 | 334 | 4.538641 | 6.319907 | 3.683424 | 0.709250 | 0.798492
334 | 335 | 3.986562 | 5.109487 | 4.466315 | 0.672684 | 0.743419
335 | 336 | 2.169681 | -5.440433 | 4.455874 | 0.600409 | 0.250995
336 | 337 | 1.395634 | 5.011963 | 5.316032 | 0.558266 | 0.738328
337 | 338 | 1.619500 | 6.599217 | 4.921106 | 0.570304 | 0.812129
338 | 339 | 1.891399 | 8.236377 | 4.274997 | 0.588166 | 0.890956
339 | 340 | 4.195832 | 2.235205 | 3.375099 | 0.711045 | 0.601048
340 | 341 | 5.733342 | 1.411738 | 2.431726 | 0.781070 | 0.564595
341 | 342 | 1.859887 | 2.355757 | 3.843181 | 0.587247 | 0.601068
342 | 343 | 4.988612 | 3.074654 | 3.083858 | 0.742870 | 0.644554
343 | 344 | 1.303263 | 1.416453 | 4.831091 | 0.572156 | 0.562348
344 | 345 | 1.305757 | -0.672779 | 6.415959 | 0.551868 | 0.463430
345 | 346 | 6.465170 | 0.937119 | 1.689873 | 0.821442 | 0.542444
346 | 347 | 5.258659 | 0.945811 | 2.974312 | 0.752702 | 0.542818
347 | 348 | 4.432338 | 0.722096 | 3.522615 | 0.713757 | 0.532373
348 | 349 | 3.300681 | 0.861641 | 3.872784 | 0.667113 | 0.539327
349 | 350 | 2.430178 | 1.131492 | 4.039035 | 0.631101 | 0.552846
350 | 351 | 1.820731 | 1.467954 | 4.224124 | 0.600862 | 0.567527
351 | 352 | 0.563221 | 2.307693 | 5.566789 | 0.523481 | 0.594373
352 | 353 | 6.338145 | -0.529279 | 1.881175 | 0.810748 | 0.476074
353 | 354 | 5.587698 | 3.208071 | 2.687839 | 0.771046 | 0.651041
354 | 355 | 0.242624 | -1.462857 | 7.071491 | 0.509127 | 0.437282
355 | 356 | 1.611251 | 0.339326 | 4.895421 | 0.595293 | 0.514976
356 | 357 | 7.743095 | 2.364999 | -2.005167 | 0.980531 | 0.598436
357 | 358 | 1.391142 | 1.851048 | 4.448999 | 0.573500 | 0.580000
358 | 359 | 1.785794 | -0.978284 | 4.850470 | 0.602995 | 0.451312
359 | 360 | 4.670959 | 2.664461 | 3.084075 | 0.733530 | 0.623023
360 | 361 | 1.333970 | -0.283761 | 6.097047 | 0.560611 | 0.480983
361 | 362 | 7.270895 | -2.890917 | -2.252455 | 0.967686 | 0.355643
362 | 363 | 1.856432 | 2.585245 | 3.757904 | 0.580985 | 0.612840
363 | 364 | 0.923388 | 0.073076 | 6.671944 | 0.537728 | 0.494615
364 | 365 | 5.000589 | -6.135128 | 1.892523 | 0.760966 | 0.220247
365 | 366 | 5.085276 | -7.178590 | 0.714711 | 0.801779 | 0.168062
366 | 367 | 7.159291 | -0.811820 | -0.072044 | 0.892441 | 0.459239
367 | 368 | 5.843051 | -5.248023 | 0.924091 | 0.816351 | 0.259740
368 | 369 | 6.847258 | 3.662916 | 0.724695 | 0.865595 | 0.666313
369 | 370 | 2.412942 | -8.258853 | 4.119213 | 0.614074 | 0.116754
370 | 371 | 0.179909 | -1.689864 | 6.573301 | 0.508953 | 0.420562
371 | 372 | 2.103655 | -0.163946 | 4.566119 | 0.617942 | 0.491684
372 | 373 | 6.407571 | 2.236021 | 1.560843 | 0.825608 | 0.602325
373 | 374 | 3.670075 | 2.360153 | 3.635230 | 0.681215 | 0.603765
374 | 375 | 3.177186 | 2.294265 | 3.775704 | 0.656636 | 0.599403
375 | 376 | 2.196121 | -4.598322 | 4.479786 | 0.603900 | 0.289783
376 | 377 | 6.234883 | -1.944430 | 1.663542 | 0.812086 | 0.411461
377 | 378 | 1.292924 | -9.295920 | 4.094063 | 0.568013 | 0.055435
378 | 379 | 3.210651 | -8.533278 | 2.802001 | 0.681008 | 0.101715
379 | 380 | 4.068926 | -7.993109 | 1.925119 | 0.733752 | 0.130299
380 | 381 | 2.724032 | 2.315802 | 3.777151 | 0.633830 | 0.601178
381 | 382 | 2.288460 | 2.398891 | 3.697603 | 0.606793 | 0.604463
382 | 383 | 1.998311 | 2.496547 | 3.689148 | 0.589660 | 0.608938
383 | 384 | 6.130040 | 3.399261 | 2.038516 | 0.805016 | 0.657892
384 | 385 | 2.288460 | 2.886504 | 3.775031 | 0.611335 | 0.637716
385 | 386 | 2.724032 | 2.961810 | 3.871767 | 0.634038 | 0.644029
386 | 387 | 3.177186 | 2.964136 | 3.876973 | 0.656636 | 0.644643
387 | 388 | 3.670075 | 2.927714 | 3.724325 | 0.681215 | 0.641660
388 | 389 | 4.018389 | 2.857357 | 3.482983 | 0.698585 | 0.636844
389 | 390 | 7.555811 | 4.106811 | -0.991917 | 0.941867 | 0.680924
390 | 391 | 4.018389 | 2.483695 | 3.440898 | 0.698585 | 0.612551
391 | 392 | 1.776217 | -2.683946 | 5.213116 | 0.584177 | 0.375893
392 | 393 | 1.222237 | -1.182444 | 5.952465 | 0.554318 | 0.433923
393 | 394 | 0.731493 | -2.536683 | 5.815343 | 0.534154 | 0.379360
394 | 395 | 4.135272 | -6.996638 | 2.671970 | 0.711218 | 0.180025
395 | 396 | 3.311811 | -7.660815 | 3.382963 | 0.664630 | 0.147129
396 | 397 | 1.313701 | -8.639995 | 4.702456 | 0.559100 | 0.097368
397 | 398 | 5.940524 | -6.223629 | -0.631468 | 0.871706 | 0.208059
398 | 399 | 1.998311 | 2.743838 | 3.744030 | 0.591234 | 0.626106
399 | 400 | 0.901447 | 1.236992 | 5.754256 | 0.544341 | 0.548416
400 | 401 | 2.308977 | -8.974196 | 3.609070 | 0.624563 | 0.075808
401 | 402 | 6.954154 | -2.439843 | -0.131163 | 0.885770 | 0.384971
402 | 403 | 1.098819 | -4.458788 | 5.120727 | 0.551338 | 0.304722
403 | 404 | 1.181124 | -4.579996 | 5.189564 | 0.551980 | 0.295368
404 | 405 | 1.255818 | -4.787901 | 5.237051 | 0.552888 | 0.284192
405 | 406 | 1.325085 | -5.106507 | 5.205010 | 0.555168 | 0.269206
406 | 407 | 1.546388 | -5.819392 | 4.757893 | 0.569944 | 0.232965
407 | 408 | 1.953754 | -4.183892 | 4.431713 | 0.593203 | 0.314324
408 | 409 | 2.117802 | -4.137093 | 4.555096 | 0.599262 | 0.318931
409 | 410 | 2.285339 | -4.051196 | 4.582438 | 0.607600 | 0.322297
410 | 411 | 2.850160 | -3.665720 | 4.484994 | 0.631938 | 0.336500
411 | 412 | 5.278538 | -2.238942 | 2.861224 | 0.752033 | 0.398685
412 | 413 | 0.946709 | 1.907628 | 5.196779 | 0.547226 | 0.579605
413 | 414 | 1.314173 | 3.104912 | 4.231404 | 0.563544 | 0.640172
414 | 415 | 1.780000 | 2.860000 | 3.881555 | 0.583841 | 0.631286
415 | 416 | 1.845110 | -4.098880 | 4.247264 | 0.586614 | 0.307634
416 | 417 | 5.436187 | -4.030482 | 2.109852 | 0.771915 | 0.316422
417 | 418 | 0.766444 | 3.182131 | 4.861453 | 0.531597 | 0.647517
418 | 419 | 1.938616 | -6.614410 | 4.521085 | 0.588371 | 0.195559
419 | 420 | 0.516573 | 1.583572 | 6.148363 | 0.520797 | 0.557435
420 | 421 | 1.246815 | 0.230297 | 5.681036 | 0.567985 | 0.506521
421 | 422 | 0.997827 | -6.930921 | 4.979576 | 0.543283 | 0.180745
422 | 423 | 3.288807 | -5.382514 | 3.795752 | 0.655317 | 0.254485
423 | 424 | 2.311631 | -1.566237 | 4.590085 | 0.621009 | 0.425982
424 | 425 | 2.680250 | -6.111567 | 4.096152 | 0.625560 | 0.219688
425 | 426 | 3.832928 | -1.537326 | 4.137731 | 0.680198 | 0.429281
426 | 427 | 2.961860 | -2.274215 | 4.440943 | 0.642764 | 0.395662
427 | 428 | 4.386901 | -2.683286 | 3.643886 | 0.704663 | 0.378470
428 | 429 | 1.217295 | -7.834465 | 4.969286 | 0.552012 | 0.137408
429 | 430 | 1.542374 | -0.136843 | 5.201008 | 0.589072 | 0.491363
430 | 431 | 3.878377 | -6.041764 | 3.311079 | 0.685945 | 0.224643
431 | 432 | 3.084037 | -6.809842 | 3.814195 | 0.645735 | 0.187360
432 | 433 | 3.747321 | -4.503545 | 3.726453 | 0.675343 | 0.296022
433 | 434 | 6.094129 | -3.205991 | 1.473482 | 0.810858 | 0.353695
434 | 435 | 4.588995 | -4.728726 | 2.983221 | 0.720122 | 0.285333
435 | 436 | 6.583231 | -3.941269 | 0.070268 | 0.866152 | 0.317295
436 | 437 | 3.492580 | -3.195820 | 4.130198 | 0.663187 | 0.355403
437 | 438 | 1.255543 | 0.802341 | 5.307551 | 0.570082 | 0.533674
438 | 439 | 1.126122 | -0.933602 | 6.538785 | 0.544562 | 0.451624
439 | 440 | 1.443109 | -1.142774 | 5.905127 | 0.562759 | 0.441215
440 | 441 | 0.923043 | -0.529042 | 7.003423 | 0.531987 | 0.469860
441 | 442 | 1.755386 | 3.529117 | 4.327696 | 0.585271 | 0.664823
442 | 443 | 2.632589 | 3.713828 | 4.364629 | 0.622953 | 0.677221
443 | 444 | 3.388062 | 3.721976 | 4.309028 | 0.655896 | 0.679837
444 | 445 | 4.075766 | 3.675413 | 4.076063 | 0.687132 | 0.677654
445 | 446 | 4.622910 | 3.474691 | 3.646321 | 0.716482 | 0.666799
446 | 447 | 5.171755 | 2.535753 | 2.670867 | 0.758757 | 0.617213
447 | 448 | 7.297331 | 0.763172 | -0.048769 | 0.897013 | 0.531231
448 | 449 | 4.706828 | 1.651000 | 3.109532 | 0.732392 | 0.575453
449 | 450 | 4.071712 | 1.476821 | 3.476944 | 0.702114 | 0.566837
450 | 451 | 3.269817 | 1.470659 | 3.731945 | 0.666525 | 0.566134
451 | 452 | 2.527572 | 1.617311 | 3.865444 | 0.633505 | 0.573912
452 | 453 | 1.970894 | 1.858505 | 3.961782 | 0.603876 | 0.583413
453 | 454 | 1.579543 | 2.097941 | 4.084996 | 0.579658 | 0.590055
454 | 455 | 7.664182 | 0.673132 | -2.435867 | 0.992440 | 0.519223
455 | 456 | 1.397041 | -1.340139 | 5.630378 | 0.567192 | 0.430580
456 | 457 | 0.884838 | 0.658740 | 6.233232 | 0.541366 | 0.521101
457 | 458 | 0.767097 | -0.968035 | 7.077932 | 0.526564 | 0.453882
458 | 459 | 0.460213 | -1.334106 | 6.787447 | 0.523913 | 0.436170
459 | 460 | 0.748618 | -1.067994 | 6.798303 | 0.531529 | 0.444943
460 | 461 | 1.236408 | -1.585568 | 5.480490 | 0.566036 | 0.417671
461 | 462 | 0.387306 | -1.409990 | 6.957705 | 0.516311 | 0.436946
462 | 463 | 0.319925 | -1.607931 | 6.508676 | 0.517472 | 0.422123
463 | 464 | 1.639633 | 2.556298 | 3.863736 | 0.573595 | 0.610193
464 | 465 | 1.255645 | 2.467144 | 4.203800 | 0.560698 | 0.604668
465 | 466 | 1.031362 | 2.382663 | 4.615849 | 0.549756 | 0.600249
466 | 467 | 4.253081 | 2.772296 | 3.315305 | 0.710288 | 0.631747
467 | 468 | 4.530000 | 2.910000 | 3.339685 | 0.723330 | 0.636627
